Population size: 12
Mutation rate: 100
Fitness function: 1
Selection function: 1
Generation 0
0 {'system': [[0, 2, (1, 0), 1, 1, 0], [1, 2, (1, 0), 1, 1, 0], [2, 3, (2, 0), 2, 1, 0], [2, 3, (1, 0), 1, 0, 0]] | [0, 0, 0, 0], 'fitness': 100, 'out_pairs': [([0, 0, 0, 0, 0, 1], [0, 0, 0, 1]), ([0, 0, 0, 0], [0, 0]), ([0, 0, 1, 0, 1, 0], [1, 0, 1, 0]), ([0, 0, 0, 0, 0, 0], [0, 0, 0, 0]), ([0, 0, 0, 0, 0, 1], [0, 0, 0, 1])]}
1 {'system': [[0, 2, (1, 0), 1, 1, 0], [1, 2, (1, 0), 1, 1, 0], [2, 3, (2, 0), 2, 1, 0], [2, 3, (1, 0), 1, 0, 0]] | [0, 0, 0, 0], 'fitness': 100, 'out_pairs': [([0, 0, 0, 0, 0, 1], [0, 0, 0, 1]), ([0, 0, 0, 0], [0, 0]), ([0, 0, 1, 0, 1, 0], [1, 0, 1, 0]), ([0, 0, 0, 0, 0, 0], [0, 0, 0, 0]), ([0, 0, 0, 0, 0, 1], [0, 0, 0, 1])]}
2 {'system': [[0, 2, (1, 0), 1, 1, 0], [1, 2, (1, 0), 1, 1, 0], [2, 3, (2, 0), 2, 1, 0], [2, 3, (1, 0), 1, 0, 0]] | [0, 0, 0, 0], 'fitness': 100, 'out_pairs': [([0, 0, 0, 0, 0, 1], [0, 0, 0, 1]), ([0, 0, 0, 0], [0, 0]), ([0, 0, 1, 0, 1, 0], [1, 0, 1, 0]), ([0, 0, 0, 0, 0, 0], [0, 0, 0, 0]), ([0, 0, 0, 0, 0, 1], [0, 0, 0, 1])]}
3 {'system': [[0, 2, (1, 0), 1, 1, 0], [1, 2, (1, 0), 1, 1, 0], [2, 3, (2, 0), 2, 1, 0], [2, 3, (1, 0), 1, 0, 0]] | [0, 0, 0, 0], 'fitness': 100, 'out_pairs': [([0, 0, 0, 0, 0, 1], [0, 0, 0, 1]), ([0, 0, 0, 0], [0, 0]), ([0, 0, 1, 0, 1, 0], [1, 0, 1, 0]), ([0, 0, 0, 0, 0, 0], [0, 0, 0, 0]), ([0, 0, 0, 0, 0, 1], [0, 0, 0, 1])]}
4 {'system': [[0, 2, (1, 0), 1, 1, 0], [1, 2, (1, 0), 1, 1, 0], [2, 3, (2, 0), 2, 1, 0], [2, 3, (1, 0), 1, 0, 0]] | [0, 0, 0, 0], 'fitness': 100, 'out_pairs': [([0, 0, 0, 0, 0, 1], [0, 0, 0, 1]), ([0, 0, 0, 0], [0, 0]), ([0, 0, 1, 0, 1, 0], [1, 0, 1, 0]), ([0, 0, 0, 0, 0, 0], [0, 0, 0, 0]), ([0, 0, 0, 0, 0, 1], [0, 0, 0, 1])]}
5 {'system': [[0, 2, (1, 0), 1, 1, 0], [1, 2, (1, 0), 1, 1, 0], [2, 3, (2, 0), 2, 1, 0], [2, 3, (1, 0), 1, 0, 0]] | [0, 0, 0, 0], 'fitness': 100, 'out_pairs': [([0, 0, 0, 0, 0, 1], [0, 0, 0, 1]), ([0, 0, 0, 0], [0, 0]), ([0, 0, 1, 0, 1, 0], [1, 0, 1, 0]), ([0, 0, 0, 0, 0, 0], [0, 0, 0, 0]), ([0, 0, 0, 0, 0, 1], [0, 0, 0, 1])]}
6 {'system': [[0, 2, (1, 0), 1, 1, 0], [1, 2, (1, 0), 1, 1, 0], [2, 3, (2, 0), 2, 1, 0], [2, 3, (1, 0), 1, 0, 0]] | [0, 0, 0, 0], 'fitness': 100, 'out_pairs': [([0, 0, 0, 0, 0, 1], [0, 0, 0, 1]), ([0, 0, 0, 0], [0, 0]), ([0, 0, 1, 0, 1, 0], [1, 0, 1, 0]), ([0, 0, 0, 0, 0, 0], [0, 0, 0, 0]), ([0, 0, 0, 0, 0, 1], [0, 0, 0, 1])]}
7 {'system': [[0, 2, (1, 0), 1, 1, 0], [1, 2, (1, 0), 1, 1, 0], [2, 3, (2, 0), 2, 1, 0], [2, 3, (1, 0), 1, 0, 0]] | [0, 0, 0, 0], 'fitness': 100, 'out_pairs': [([0, 0, 0, 0, 0, 1], [0, 0, 0, 1]), ([0, 0, 0, 0], [0, 0]), ([0, 0, 1, 0, 1, 0], [1, 0, 1, 0]), ([0, 0, 0, 0, 0, 0], [0, 0, 0, 0]), ([0, 0, 0, 0, 0, 1], [0, 0, 0, 1])]}
8 {'system': [[0, 2, (1, 0), 1, 1, 0], [1, 2, (1, 0), 1, 1, 0], [2, 3, (2, 0), 2, 1, 0], [2, 3, (1, 0), 1, 0, 0]] | [0, 0, 0, 0], 'fitness': 100, 'out_pairs': [([0, 0, 0, 0, 0, 1], [0, 0, 0, 1]), ([0, 0, 0, 0], [0, 0]), ([0, 0, 1, 0, 1, 0], [1, 0, 1, 0]), ([0, 0, 0, 0, 0, 0], [0, 0, 0, 0]), ([0, 0, 0, 0, 0, 1], [0, 0, 0, 1])]}
9 {'system': [[0, 2, (1, 0), 1, 1, 0], [1, 2, (1, 0), 1, 1, 0], [2, 3, (2, 0), 2, 1, 0], [2, 3, (1, 0), 1, 0, 0]] | [0, 0, 0, 0], 'fitness': 100, 'out_pairs': [([0, 0, 0, 0, 0, 1], [0, 0, 0, 1]), ([0, 0, 0, 0], [0, 0]), ([0, 0, 1, 0, 1, 0], [1, 0, 1, 0]), ([0, 0, 0, 0, 0, 0], [0, 0, 0, 0]), ([0, 0, 0, 0, 0, 1], [0, 0, 0, 1])]}
10 {'system': [[0, 2, (1, 0), 1, 1, 0], [1, 2, (1, 0), 1, 1, 0], [2, 3, (2, 0), 2, 1, 0], [2, 3, (1, 0), 1, 0, 0]] | [0, 0, 0, 0], 'fitness': 100, 'out_pairs': [([0, 0, 0, 0, 0, 1], [0, 0, 0, 1]), ([0, 0, 0, 0], [0, 0]), ([0, 0, 1, 0, 1, 0], [1, 0, 1, 0]), ([0, 0, 0, 0, 0, 0], [0, 0, 0, 0]), ([0, 0, 0, 0, 0, 1], [0, 0, 0, 1])]}
11 {'system': [[0, 2, (1, 0), 1, 1, 0], [1, 2, (1, 0), 1, 1, 0], [2, 3, (2, 0), 2, 1, 0], [2, 3, (1, 0), 1, 0, 0]] | [0, 0, 0, 0], 'fitness': 100, 'out_pairs': [([0, 0, 0, 0, 0, 1], [0, 0, 0, 1]), ([0, 0, 0, 0], [0, 0]), ([0, 0, 1, 0, 1, 0], [1, 0, 1, 0]), ([0, 0, 0, 0, 0, 0], [0, 0, 0, 0]), ([0, 0, 0, 0, 0, 1], [0, 0, 0, 1])]}
Generation 1
0 {'system': [[0, 2, (1, 0), 1, 1, 0], [1, 2, (1, 0), 1, 1, 0], [2, 3, (2, 0), 2, 1, 0], [2, 3, (1, 0), 1, 0, 0]] | [0, 0, 0, 0], 'fitness': 100, 'out_pairs': [([0, 0, 0, 0, 0, 1], [0, 0, 0, 1]), ([0, 0, 0, 0], [0, 0]), ([0, 0, 1, 0, 1, 0], [1, 0, 1, 0]), ([0, 0, 0, 0, 0, 0], [0, 0, 0, 0]), ([0, 0, 0, 0, 0, 1], [0, 0, 0, 1])]}
1 {'system': [[0, 2, (1, 0), 1, 1, 0], [1, 2, (1, 0), 1, 1, 0], [2, 3, (2, 0), 2, 1, 0], [2, 3, (1, 0), 1, 0, 0]] | [0, 0, 0, 0], 'fitness': 100, 'out_pairs': [([0, 0, 0, 0, 0, 1], [0, 0, 0, 1]), ([0, 0, 0, 0], [0, 0]), ([0, 0, 1, 0, 1, 0], [1, 0, 1, 0]), ([0, 0, 0, 0, 0, 0], [0, 0, 0, 0]), ([0, 0, 0, 0, 0, 1], [0, 0, 0, 1])]}
2 {'system': [[0, 2, (1, 0), 1, 1, 0], [1, 2, (1, 0), 1, 1, 0], [2, 3, (2, 0), 2, 1, 0], [2, 3, (1, 0), 1, 0, 0]] | [0, 0, 0, 0], 'fitness': 100, 'out_pairs': [([0, 0, 0, 0, 0, 1], [0, 0, 0, 1]), ([0, 0, 0, 0], [0, 0]), ([0, 0, 1, 0, 1, 0], [1, 0, 1, 0]), ([0, 0, 0, 0, 0, 0], [0, 0, 0, 0]), ([0, 0, 0, 0, 0, 1], [0, 0, 0, 1])]}
3 {'system': [[0, 2, (1, 0), 1, 1, 0], [1, 2, (1, 0), 1, 1, 0], [2, 3, (2, 0), 2, 1, 0], [2, 3, (1, 0), 1, 0, 0]] | [0, 0, 0, 0], 'fitness': 100, 'out_pairs': [([0, 0, 0, 0, 0, 1], [0, 0, 0, 1]), ([0, 0, 0, 0], [0, 0]), ([0, 0, 1, 0, 1, 0], [1, 0, 1, 0]), ([0, 0, 0, 0, 0, 0], [0, 0, 0, 0]), ([0, 0, 0, 0, 0, 1], [0, 0, 0, 1])]}
4 {'system': [[0, 2, (1, 0), 1, 1, 0], [1, 2, (1, 0), 1, 1, 0], [2, 3, (2, 0), 2, 1, 0], [2, 3, (1, 0), 1, 0, 0]] | [0, 0, 0, 0], 'fitness': 100, 'out_pairs': [([0, 0, 0, 0, 0, 1], [0, 0, 0, 1]), ([0, 0, 0, 0], [0, 0]), ([0, 0, 1, 0, 1, 0], [1, 0, 1, 0]), ([0, 0, 0, 0, 0, 0], [0, 0, 0, 0]), ([0, 0, 0, 0, 0, 1], [0, 0, 0, 1])]}
5 {'system': [[0, 2, (1, 0), 1, 1, 0], [1, 2, (1, 0), 1, 1, 0], [2, 3, (2, 0), 2, 1, 0], [2, 3, (1, 0), 1, 0, 0]] | [0, 0, 0, 0], 'fitness': 100, 'out_pairs': [([0, 0, 0, 0, 0, 1], [0, 0, 0, 1]), ([0, 0, 0, 0], [0, 0]), ([0, 0, 1, 0, 1, 0], [1, 0, 1, 0]), ([0, 0, 0, 0, 0, 0], [0, 0, 0, 0]), ([0, 0, 0, 0, 0, 1], [0, 0, 0, 1])]}
6 {'system': [[0, 2, (1, 0), 1, 1, 0], [1, 2, (1, 0), 1, 1, 0], [2, 3, (2, 0), 2, 1, 0], [2, 3, (1, 0), 1, 0, 0]] | [0, 0, 0, 0], 'fitness': 100, 'out_pairs': [([0, 0, 0, 0, 0, 1], [0, 0, 0, 1]), ([0, 0, 0, 0], [0, 0]), ([0, 0, 1, 0, 1, 0], [1, 0, 1, 0]), ([0, 0, 0, 0, 0, 0], [0, 0, 0, 0]), ([0, 0, 0, 0, 0, 1], [0, 0, 0, 1])]}
7 {'system': [[0, 2, (1, 0), 1, 1, 0], [1, 2, (1, 0), 1, 1, 0], [2, 3, (2, 0), 2, 1, 0], [2, 3, (1, 0), 1, 0, 0]] | [0, 0, 0, 0], 'fitness': 100, 'out_pairs': [([0, 0, 0, 0, 0, 1], [0, 0, 0, 1]), ([0, 0, 0, 0], [0, 0]), ([0, 0, 1, 0, 1, 0], [1, 0, 1, 0]), ([0, 0, 0, 0, 0, 0], [0, 0, 0, 0]), ([0, 0, 0, 0, 0, 1], [0, 0, 0, 1])]}
8 {'system': [[0, 2, (1, 0), 1, 1, 0], [1, 2, (1, 0), 1, 1, 0], [2, 3, (2, 0), 2, 1, 0], [2, 3, (1, 0), 1, 0, 0]] | [0, 0, 0, 0], 'fitness': 100, 'out_pairs': [([0, 0, 0, 0, 0, 1], [0, 0, 0, 1]), ([0, 0, 0, 0], [0, 0]), ([0, 0, 1, 0, 1, 0], [1, 0, 1, 0]), ([0, 0, 0, 0, 0, 0], [0, 0, 0, 0]), ([0, 0, 0, 0, 0, 1], [0, 0, 0, 1])]}
9 {'system': [[0, 2, (1, 0), 1, 1, 0], [1, 2, (1, 0), 1, 1, 0], [2, 3, (2, 0), 2, 1, 0], [2, 3, (1, 0), 1, 0, 0]] | [0, 0, 0, 0], 'fitness': 100, 'out_pairs': [([0, 0, 0, 0, 0, 1], [0, 0, 0, 1]), ([0, 0, 0, 0], [0, 0]), ([0, 0, 1, 0, 1, 0], [1, 0, 1, 0]), ([0, 0, 0, 0, 0, 0], [0, 0, 0, 0]), ([0, 0, 0, 0, 0, 1], [0, 0, 0, 1])]}
10 {'system': [[0, 2, (1, 0), 1, 1, 0], [1, 2, (1, 0), 1, 1, 0], [2, 3, (2, 0), 2, 1, 0]] | [0, 0, 0, 0], 'fitness': 90, 'out_pairs': [([0, 0, 0, 1, 0, 1, 0], [0, 0, 0, 1]), ([0, 0, 0, 1], [0, 0]), ([0, 0, 1, 0, 0, 0, 0], [1, 0, 1, 0]), ([0, 0, 0, 1, 0, 1], [0, 0, 0, 0]), ([0, 0, 0, 0, 0, 0, 0], [0, 0, 0, 1])]}
11 {'system': [[0, 2, (1, 0), 1, 1, 0], [1, 2, (1, 0), 1, 1, 0], [2, 3, (1, 0), 1, 0, 0]] | [0, 0, 0, 0], 'fitness': 80, 'out_pairs': [([0, 0, 0, 0, 0, 0, 0], [0, 0, 0, 1]), ([0, 0, 0, 0], [0, 0]), ([0, 0, 0, 0, 0, 0, 0], [1, 0, 1, 0]), ([0, 0, 0, 0, 0, 0], [0, 0, 0, 0]), ([0, 0, 0, 0, 0, 0, 0], [0, 0, 0, 1])]}
Generation 2
0 {'system': [[0, 2, (1, 0), 1, 1, 0], [1, 2, (1, 0), 1, 1, 0], [2, 3, (2, 0), 2, 1, 0], [2, 3, (1, 0), 1, 0, 0]] | [0, 0, 0, 0], 'fitness': 100, 'out_pairs': [([0, 0, 0, 0, 0, 1], [0, 0, 0, 1]), ([0, 0, 0, 0], [0, 0]), ([0, 0, 1, 0, 1, 0], [1, 0, 1, 0]), ([0, 0, 0, 0, 0, 0], [0, 0, 0, 0]), ([0, 0, 0, 0, 0, 1], [0, 0, 0, 1])]}
1 {'system': [[0, 2, (1, 0), 1, 1, 0], [1, 2, (1, 0), 1, 1, 0], [2, 3, (2, 0), 2, 1, 0], [2, 3, (1, 0), 1, 0, 0]] | [0, 0, 0, 0], 'fitness': 100, 'out_pairs': [([0, 0, 0, 0, 0, 1], [0, 0, 0, 1]), ([0, 0, 0, 0], [0, 0]), ([0, 0, 1, 0, 1, 0], [1, 0, 1, 0]), ([0, 0, 0, 0, 0, 0], [0, 0, 0, 0]), ([0, 0, 0, 0, 0, 1], [0, 0, 0, 1])]}
2 {'system': [[0, 2, (1, 0), 1, 1, 0], [1, 2, (1, 0), 1, 1, 0], [2, 3, (2, 0), 2, 1, 0], [2, 3, (1, 0), 1, 0, 0]] | [0, 0, 0, 0], 'fitness': 100, 'out_pairs': [([0, 0, 0, 0, 0, 1], [0, 0, 0, 1]), ([0, 0, 0, 0], [0, 0]), ([0, 0, 1, 0, 1, 0], [1, 0, 1, 0]), ([0, 0, 0, 0, 0, 0], [0, 0, 0, 0]), ([0, 0, 0, 0, 0, 1], [0, 0, 0, 1])]}
3 {'system': [[0, 2, (1, 0), 1, 1, 0], [1, 2, (1, 0), 1, 1, 0], [2, 3, (2, 0), 2, 1, 0], [2, 3, (1, 0), 1, 0, 0]] | [0, 0, 0, 0], 'fitness': 100, 'out_pairs': [([0, 0, 0, 0, 0, 1], [0, 0, 0, 1]), ([0, 0, 0, 0], [0, 0]), ([0, 0, 1, 0, 1, 0], [1, 0, 1, 0]), ([0, 0, 0, 0, 0, 0], [0, 0, 0, 0]), ([0, 0, 0, 0, 0, 1], [0, 0, 0, 1])]}
4 {'system': [[0, 2, (1, 0), 1, 1, 0], [1, 2, (1, 0), 1, 1, 0], [2, 3, (2, 0), 2, 1, 0], [2, 3, (1, 0), 1, 0, 0]] | [0, 0, 0, 0], 'fitness': 100, 'out_pairs': [([0, 0, 0, 0, 0, 1], [0, 0, 0, 1]), ([0, 0, 0, 0], [0, 0]), ([0, 0, 1, 0, 1, 0], [1, 0, 1, 0]), ([0, 0, 0, 0, 0, 0], [0, 0, 0, 0]), ([0, 0, 0, 0, 0, 1], [0, 0, 0, 1])]}
5 {'system': [[0, 2, (1, 0), 1, 1, 0], [1, 2, (1, 0), 1, 1, 0], [2, 3, (2, 0), 2, 1, 0], [2, 3, (1, 0), 1, 0, 0]] | [0, 0, 0, 0], 'fitness': 100, 'out_pairs': [([0, 0, 0, 0, 0, 1], [0, 0, 0, 1]), ([0, 0, 0, 0], [0, 0]), ([0, 0, 1, 0, 1, 0], [1, 0, 1, 0]), ([0, 0, 0, 0, 0, 0], [0, 0, 0, 0]), ([0, 0, 0, 0, 0, 1], [0, 0, 0, 1])]}
6 {'system': [[0, 2, (1, 0), 1, 1, 0], [1, 2, (1, 0), 1, 1, 0], [2, 3, (2, 0), 2, 1, 0], [2, 3, (1, 0), 1, 0, 0]] | [0, 0, 0, 0], 'fitness': 100, 'out_pairs': [([0, 0, 0, 0, 0, 1], [0, 0, 0, 1]), ([0, 0, 0, 0], [0, 0]), ([0, 0, 1, 0, 1, 0], [1, 0, 1, 0]), ([0, 0, 0, 0, 0, 0], [0, 0, 0, 0]), ([0, 0, 0, 0, 0, 1], [0, 0, 0, 1])]}
7 {'system': [[0, 2, (1, 0), 1, 1, 0], [1, 2, (1, 0), 1, 1, 0], [2, 3, (2, 0), 2, 1, 0], [2, 3, (1, 0), 1, 0, 0]] | [0, 0, 0, 0], 'fitness': 100, 'out_pairs': [([0, 0, 0, 0, 0, 1], [0, 0, 0, 1]), ([0, 0, 0, 0], [0, 0]), ([0, 0, 1, 0, 1, 0], [1, 0, 1, 0]), ([0, 0, 0, 0, 0, 0], [0, 0, 0, 0]), ([0, 0, 0, 0, 0, 1], [0, 0, 0, 1])]}
8 {'system': [[0, 2, (1, 0), 1, 1, 0], [1, 2, (1, 0), 1, 1, 0], [2, 3, (2, 0), 2, 1, 0], [2, 3, (1, 0), 1, 0, 0]] | [0, 0, 0, 0], 'fitness': 100, 'out_pairs': [([0, 0, 0, 0, 0, 1], [0, 0, 0, 1]), ([0, 0, 0, 0], [0, 0]), ([0, 0, 1, 0, 1, 0], [1, 0, 1, 0]), ([0, 0, 0, 0, 0, 0], [0, 0, 0, 0]), ([0, 0, 0, 0, 0, 1], [0, 0, 0, 1])]}
9 {'system': [[0, 2, (1, 0), 1, 1, 0], [1, 2, (1, 0), 1, 1, 0], [2, 3, (2, 0), 2, 1, 0]] | [0, 0, 0, 0], 'fitness': 90, 'out_pairs': [([0, 0, 0, 1, 0, 1], [0, 0, 0, 1]), ([0, 0, 0, 1], [0, 0]), ([0, 0, 1, 0, 0, 0, 0], [1, 0, 1, 0]), ([0, 0, 0, 1, 0, 1], [0, 0, 0, 0]), ([0, 0, 0, 0, 0, 0, 0], [0, 0, 0, 1])]}
10 {'system': [[0, 2, (1, 0), 1, 1, 0], [1, 2, (1, 0), 1, 1, 0], [2, 3, (1, 0), 1, 0, 0]] | [0, 0, 0, 0], 'fitness': 80, 'out_pairs': [([0, 0, 0, 0, 0, 0, 0], [0, 0, 0, 1]), ([0, 0, 0, 0], [0, 0]), ([0, 0, 0, 0, 0, 0, 0], [1, 0, 1, 0]), ([0, 0, 0, 0, 0, 0], [0, 0, 0, 0]), ([0, 0, 0, 0, 0, 0, 0], [0, 0, 0, 1])]}
11 {'system': [[0, 2, (1, 0), 1, 1, 0], [1, 2, (1, 0), 1, 1, 0], [2, 3, (1, 0), 1, 0, 0]] | [0, 0, 0, 0], 'fitness': 80, 'out_pairs': [([0, 0, 0, 0, 0, 0, 0], [0, 0, 0, 1]), ([0, 0, 0, 0], [0, 0]), ([0, 0, 0, 0, 0, 0, 0], [1, 0, 1, 0]), ([0, 0, 0, 0, 0, 0], [0, 0, 0, 0]), ([0, 0, 0, 0, 0, 0, 0], [0, 0, 0, 1])]}
Generation 3
0 {'system': [[0, 2, (1, 0), 1, 1, 0], [1, 2, (1, 0), 1, 1, 0], [2, 3, (2, 0), 2, 1, 0], [2, 3, (1, 0), 1, 0, 0]] | [0, 0, 0, 0], 'fitness': 100, 'out_pairs': [([0, 0, 0, 0, 0, 1], [0, 0, 0, 1]), ([0, 0, 0, 0], [0, 0]), ([0, 0, 1, 0, 1, 0], [1, 0, 1, 0]), ([0, 0, 0, 0, 0, 0], [0, 0, 0, 0]), ([0, 0, 0, 0, 0, 1], [0, 0, 0, 1])]}
1 {'system': [[0, 2, (1, 0), 1, 1, 0], [1, 2, (1, 0), 1, 1, 0], [2, 3, (2, 0), 2, 1, 0], [2, 3, (1, 0), 1, 0, 0]] | [0, 0, 0, 0], 'fitness': 100, 'out_pairs': [([0, 0, 0, 0, 0, 1], [0, 0, 0, 1]), ([0, 0, 0, 0], [0, 0]), ([0, 0, 1, 0, 1, 0], [1, 0, 1, 0]), ([0, 0, 0, 0, 0, 0], [0, 0, 0, 0]), ([0, 0, 0, 0, 0, 1], [0, 0, 0, 1])]}
2 {'system': [[0, 2, (1, 0), 1, 1, 0], [1, 2, (1, 0), 1, 1, 0], [2, 3, (2, 0), 2, 1, 0], [2, 3, (1, 0), 1, 0, 0]] | [0, 0, 0, 0], 'fitness': 100, 'out_pairs': [([0, 0, 0, 0, 0, 1], [0, 0, 0, 1]), ([0, 0, 0, 0], [0, 0]), ([0, 0, 1, 0, 1, 0], [1, 0, 1, 0]), ([0, 0, 0, 0, 0, 0], [0, 0, 0, 0]), ([0, 0, 0, 0, 0, 1], [0, 0, 0, 1])]}
3 {'system': [[0, 2, (1, 0), 1, 1, 0], [1, 2, (1, 0), 1, 1, 0], [2, 3, (2, 0), 2, 1, 0], [2, 3, (1, 0), 1, 0, 0]] | [0, 0, 0, 0], 'fitness': 100, 'out_pairs': [([0, 0, 0, 0, 0, 1], [0, 0, 0, 1]), ([0, 0, 0, 0], [0, 0]), ([0, 0, 1, 0, 1, 0], [1, 0, 1, 0]), ([0, 0, 0, 0, 0, 0], [0, 0, 0, 0]), ([0, 0, 0, 0, 0, 1], [0, 0, 0, 1])]}
4 {'system': [[0, 2, (1, 0), 1, 1, 0], [1, 2, (1, 0), 1, 1, 0], [2, 3, (2, 0), 2, 1, 0], [2, 3, (1, 0), 1, 0, 0]] | [0, 0, 0, 0], 'fitness': 100, 'out_pairs': [([0, 0, 0, 0, 0, 1], [0, 0, 0, 1]), ([0, 0, 0, 0], [0, 0]), ([0, 0, 1, 0, 1, 0], [1, 0, 1, 0]), ([0, 0, 0, 0, 0, 0], [0, 0, 0, 0]), ([0, 0, 0, 0, 0, 1], [0, 0, 0, 1])]}
5 {'system': [[0, 2, (1, 0), 1, 1, 0], [1, 2, (1, 0), 1, 1, 0], [2, 3, (2, 0), 2, 1, 0], [2, 3, (1, 0), 1, 0, 0]] | [0, 0, 0, 0], 'fitness': 100, 'out_pairs': [([0, 0, 0, 0, 0, 1], [0, 0, 0, 1]), ([0, 0, 0, 0], [0, 0]), ([0, 0, 1, 0, 1, 0], [1, 0, 1, 0]), ([0, 0, 0, 0, 0, 0], [0, 0, 0, 0]), ([0, 0, 0, 0, 0, 1], [0, 0, 0, 1])]}
6 {'system': [[0, 2, (1, 0), 1, 1, 0], [1, 2, (1, 0), 1, 1, 0], [2, 3, (2, 0), 2, 1, 0], [2, 3, (1, 0), 1, 0, 0]] | [0, 0, 0, 0], 'fitness': 100, 'out_pairs': [([0, 0, 0, 0, 0, 1], [0, 0, 0, 1]), ([0, 0, 0, 0], [0, 0]), ([0, 0, 1, 0, 1, 0], [1, 0, 1, 0]), ([0, 0, 0, 0, 0, 0], [0, 0, 0, 0]), ([0, 0, 0, 0, 0, 1], [0, 0, 0, 1])]}
7 {'system': [[0, 2, (1, 0), 1, 1, 0], [1, 2, (1, 0), 1, 1, 0], [2, 3, (2, 0), 2, 1, 0], [2, 3, (1, 0), 1, 0, 0]] | [0, 0, 0, 0], 'fitness': 100, 'out_pairs': [([0, 0, 0, 0, 0, 1], [0, 0, 0, 1]), ([0, 0, 0, 0], [0, 0]), ([0, 0, 1, 0, 1, 0], [1, 0, 1, 0]), ([0, 0, 0, 0, 0, 0], [0, 0, 0, 0]), ([0, 0, 0, 0, 0, 1], [0, 0, 0, 1])]}
8 {'system': [[0, 2, (1, 0), 1, 1, 0], [1, 2, (1, 0), 1, 1, 0], [2, 3, (2, 0), 2, 1, 0], [2, 3, (1, 0), 1, 0, 0]] | [0, 0, 0, 0], 'fitness': 100, 'out_pairs': [([0, 0, 0, 0, 0, 1], [0, 0, 0, 1]), ([0, 0, 0, 0], [0, 0]), ([0, 0, 1, 0, 1, 0], [1, 0, 1, 0]), ([0, 0, 0, 0, 0, 0], [0, 0, 0, 0]), ([0, 0, 0, 0, 0, 1], [0, 0, 0, 1])]}
9 {'system': [[0, 2, (1, 0), 1, 1, 0], [1, 2, (1, 0), 1, 1, 0], [2, 3, (2, 0), 2, 1, 0]] | [0, 0, 0, 0], 'fitness': 90, 'out_pairs': [([0, 0, 0, 1, 0, 1], [0, 0, 0, 1]), ([0, 0, 0, 1], [0, 0]), ([0, 0, 1, 0, 0, 0, 0], [1, 0, 1, 0]), ([0, 0, 0, 1, 0, 1], [0, 0, 0, 0]), ([0, 0, 0, 0, 0, 0, 0], [0, 0, 0, 1])]}
10 {'system': [[0, 2, (1, 0), 1, 1, 0], [1, 2, (1, 0), 1, 1, 0], [2, 3, (1, 0), 1, 0, 0]] | [0, 0, 0, 0], 'fitness': 80, 'out_pairs': [([0, 0, 0, 0, 0, 0, 0], [0, 0, 0, 1]), ([0, 0, 0, 0], [0, 0]), ([0, 0, 0, 0, 0, 0, 0], [1, 0, 1, 0]), ([0, 0, 0, 0, 0, 0], [0, 0, 0, 0]), ([0, 0, 0, 0, 0, 0, 0], [0, 0, 0, 1])]}
11 {'system': [[0, 2, (1, 0), 1, 1, 0], [1, 2, (1, 0), 1, 1, 0], [2, 3, (1, 0), 1, 0, 0]] | [0, 0, 0, 0], 'fitness': 80, 'out_pairs': [([0, 0, 0, 0, 0, 0, 0], [0, 0, 0, 1]), ([0, 0, 0, 0], [0, 0]), ([0, 0, 0, 0, 0, 0, 0], [1, 0, 1, 0]), ([0, 0, 0, 0, 0, 0], [0, 0, 0, 0]), ([0, 0, 0, 0, 0, 0, 0], [0, 0, 0, 1])]}
Generation 4
0 {'system': [[0, 2, (1, 0), 1, 1, 0], [1, 2, (1, 0), 1, 1, 0], [2, 3, (2, 0), 2, 1, 0], [2, 3, (1, 0), 1, 0, 0]] | [0, 0, 0, 0], 'fitness': 100, 'out_pairs': [([0, 0, 0, 0, 0, 1], [0, 0, 0, 1]), ([0, 0, 0, 0], [0, 0]), ([0, 0, 1, 0, 1, 0], [1, 0, 1, 0]), ([0, 0, 0, 0, 0, 0], [0, 0, 0, 0]), ([0, 0, 0, 0, 0, 1], [0, 0, 0, 1])]}
1 {'system': [[0, 2, (1, 0), 1, 1, 0], [1, 2, (1, 0), 1, 1, 0], [2, 3, (2, 0), 2, 1, 0], [2, 3, (1, 0), 1, 0, 0]] | [0, 0, 0, 0], 'fitness': 100, 'out_pairs': [([0, 0, 0, 0, 0, 1], [0, 0, 0, 1]), ([0, 0, 0, 0], [0, 0]), ([0, 0, 1, 0, 1, 0], [1, 0, 1, 0]), ([0, 0, 0, 0, 0, 0], [0, 0, 0, 0]), ([0, 0, 0, 0, 0, 1], [0, 0, 0, 1])]}
2 {'system': [[0, 2, (1, 0), 1, 1, 0], [1, 2, (1, 0), 1, 1, 0], [2, 3, (2, 0), 2, 1, 0], [2, 3, (1, 0), 1, 0, 0]] | [0, 0, 0, 0], 'fitness': 100, 'out_pairs': [([0, 0, 0, 0, 0, 1], [0, 0, 0, 1]), ([0, 0, 0, 0], [0, 0]), ([0, 0, 1, 0, 1, 0], [1, 0, 1, 0]), ([0, 0, 0, 0, 0, 0], [0, 0, 0, 0]), ([0, 0, 0, 0, 0, 1], [0, 0, 0, 1])]}
3 {'system': [[0, 2, (1, 0), 1, 1, 0], [1, 2, (1, 0), 1, 1, 0], [2, 3, (2, 0), 2, 1, 0], [2, 3, (1, 0), 1, 0, 0]] | [0, 0, 0, 0], 'fitness': 100, 'out_pairs': [([0, 0, 0, 0, 0, 1], [0, 0, 0, 1]), ([0, 0, 0, 0], [0, 0]), ([0, 0, 1, 0, 1, 0], [1, 0, 1, 0]), ([0, 0, 0, 0, 0, 0], [0, 0, 0, 0]), ([0, 0, 0, 0, 0, 1], [0, 0, 0, 1])]}
4 {'system': [[0, 2, (1, 0), 1, 1, 0], [1, 2, (1, 0), 1, 1, 0], [2, 3, (2, 0), 2, 1, 0], [2, 3, (1, 0), 1, 0, 0]] | [0, 0, 0, 0], 'fitness': 100, 'out_pairs': [([0, 0, 0, 0, 0, 1], [0, 0, 0, 1]), ([0, 0, 0, 0], [0, 0]), ([0, 0, 1, 0, 1, 0], [1, 0, 1, 0]), ([0, 0, 0, 0, 0, 0], [0, 0, 0, 0]), ([0, 0, 0, 0, 0, 1], [0, 0, 0, 1])]}
5 {'system': [[0, 2, (1, 0), 1, 1, 0], [1, 2, (1, 0), 1, 1, 0], [2, 3, (2, 0), 2, 1, 0], [2, 3, (1, 0), 1, 0, 0]] | [0, 0, 0, 0], 'fitness': 100, 'out_pairs': [([0, 0, 0, 0, 0, 1], [0, 0, 0, 1]), ([0, 0, 0, 0], [0, 0]), ([0, 0, 1, 0, 1, 0], [1, 0, 1, 0]), ([0, 0, 0, 0, 0, 0], [0, 0, 0, 0]), ([0, 0, 0, 0, 0, 1], [0, 0, 0, 1])]}
6 {'system': [[0, 2, (1, 0), 1, 1, 0], [1, 2, (1, 0), 1, 1, 0], [2, 3, (2, 0), 2, 1, 0], [2, 3, (1, 0), 1, 0, 0]] | [0, 0, 0, 0], 'fitness': 100, 'out_pairs': [([0, 0, 0, 0, 0, 1], [0, 0, 0, 1]), ([0, 0, 0, 0], [0, 0]), ([0, 0, 1, 0, 1, 0], [1, 0, 1, 0]), ([0, 0, 0, 0, 0, 0], [0, 0, 0, 0]), ([0, 0, 0, 0, 0, 1], [0, 0, 0, 1])]}
7 {'system': [[0, 2, (1, 0), 1, 1, 0], [1, 2, (1, 0), 1, 1, 0], [2, 3, (2, 0), 2, 1, 0]] | [0, 0, 0, 0], 'fitness': 90, 'out_pairs': [([0, 0, 0, 1, 0, 1], [0, 0, 0, 1]), ([0, 0, 0, 1], [0, 0]), ([0, 0, 1, 0, 0, 0, 0], [1, 0, 1, 0]), ([0, 0, 0, 1, 0, 1], [0, 0, 0, 0]), ([0, 0, 0, 0, 0, 0, 0], [0, 0, 0, 1])]}
8 {'system': [[0, 2, (1, 0), 1, 1, 0], [1, 2, (1, 0), 1, 1, 0], [2, 3, (2, 0), 2, 1, 0]] | [0, 0, 0, 0], 'fitness': 90, 'out_pairs': [([0, 0, 0, 1, 0, 1, 0], [0, 0, 0, 1]), ([0, 0, 0, 1], [0, 0]), ([0, 0, 1, 0, 0, 0, 0], [1, 0, 1, 0]), ([0, 0, 0, 1, 0, 1], [0, 0, 0, 0]), ([0, 0, 0, 0, 0, 0, 0], [0, 0, 0, 1])]}
9 {'system': [[0, 2, (1, 0), 1, 1, 0], [1, 2, (1, 0), 1, 1, 0], [2, 3, (1, 0), 1, 0, 0]] | [0, 0, 0, 0], 'fitness': 80, 'out_pairs': [([0, 0, 0, 0, 0, 0, 0], [0, 0, 0, 1]), ([0, 0, 0, 0], [0, 0]), ([0, 0, 0, 0, 0, 0, 0], [1, 0, 1, 0]), ([0, 0, 0, 0, 0, 0], [0, 0, 0, 0]), ([0, 0, 0, 0, 0, 0, 0], [0, 0, 0, 1])]}
10 {'system': [[0, 2, (1, 0), 1, 1, 0], [1, 2, (1, 0), 1, 1, 0], [2, 3, (1, 0), 1, 0, 0]] | [0, 0, 0, 0], 'fitness': 80, 'out_pairs': [([0, 0, 0, 0, 0, 0, 0], [0, 0, 0, 1]), ([0, 0, 0, 0], [0, 0]), ([0, 0, 0, 0, 0, 0, 0], [1, 0, 1, 0]), ([0, 0, 0, 0, 0, 0], [0, 0, 0, 0]), ([0, 0, 0, 0, 0, 0, 0], [0, 0, 0, 1])]}
11 {'system': [[0, 2, (1, 0), 1, 1, 0], [1, 2, (1, 0), 1, 1, 0], [2, 3, (1, 0), 1, 0, 0]] | [0, 0, 0, 0], 'fitness': 80, 'out_pairs': [([0, 0, 0, 0, 0, 0, 0], [0, 0, 0, 1]), ([0, 0, 0, 0], [0, 0]), ([0, 0, 0, 0, 0, 0, 0], [1, 0, 1, 0]), ([0, 0, 0, 0, 0, 0], [0, 0, 0, 0]), ([0, 0, 0, 0, 0, 0, 0], [0, 0, 0, 1])]}
Average Fitness Value:  1.0
